
41378673
41381211
41384325
41382259
41382044
41382133
41382002
41379843
41381439
41380114
41381785
41381816
41383165
41379124
38036770
38181790
34518687
32963340
34363927
35267907
35184264
35010929
29279934
36870101
27797728
32735111
36017529
34445021
38004235
29568244
41384949
31674658
33353981
37115289
30634559
35984306
33865376
32824034
39421966
33388079
39408214
29311764
34254920
35745023
41280379
36705288
27102172
34397403
31156448
35384731
34069249
29293447
35468639
35843501
35792085
38506440
26646070
35922846
28715993
33578876
35502706
31073318
35015560
37662911
31817252
37897637
34101157
38658416
34496702
36606682
32739704
28067808
38811309
35734582
33804974
40864019
41404767
41413516
41424341
41427921
41400971
41441906
41442089
41443920
41277570
41456340
41459804
41460529
39070254
41320283
41436848
41454443
40797082
41314363
41420336
41248623
41201057
41075626
40221559
40768109
33419178
36450369
41248625
41481647
40892534
40076938
41493649
41494981
41499051
41499582
41502355
41505744
41503999
41514140
41510783
41521190
39106867
36740049
38999792
36771366
33917843
33541567
30306467
36162707
36013514
41212550
41528499
41360560
41541675
41543809
41540856
36482258
34541370
41556609
41556144
41562412
41560635
41441774
31860103
30215971
41386519
41582240
37619764
37832082
37603263
37697053
41615249
29665262
41521387
41309293
40971619
41297226
41391456
41562408
41525148
41615388
40685995
41187574
41569822
41526004
41247068
41223687
40474574
40537913
41619221
41620933
36918731
41637234
41641507
41642721
41650046
41648996
41056188
41677903
41677099
41685663
41686824
41692787
36191860
41696872
41697310
41697370
41699098
41701327
41703396
40632083
41706728
41418369
41721930
35816192
41730193
41733365
41207482
41761341
31586447
40778577
41520873
41297722
41620916
41737593
41666907
41710438
39932234
41762640
41710444
41654002
41513174
41737592
41486748
39125311
28606040
40157803
41772608
41774579
41774525
41784667
41784102
41790368
41793234
41677572
36028881
41801443
28615996
31881712
41804756
41805244
41810763
41812147
41355050
40838738
41808494
41817742
41817681
41824889
41643913
41160096
36235587
41843212
41843253
41843091
39275194
41847614
41855184
41858037
32242751
28153943
41871904
41872365
41880010
41083205
41655607
41748042
41520809
41731719
41401496
41160239
41843416
41832049
41830413
41795858
41855077
41263765
41604995
41920292
41926038
41933276
41936654
27038416
41940564
41945003
41945636
41951916
32728757
30152056
34793506
39241163
39477355
28813344
41973744
41904965
41891174
41980186
33196300
41990010
41263549
41992896
41997615
41995152
41995482
29025082
38889851
42003496
42003461
42012216
42013166
42017616
42021217
42032617
42028821
42030197
42029828
41655820
42044228
35458170
42053491
41265430
40418260
42062659
42060683
42056745
41885789
42060610
41480666
41887547
42059020
41921254
42063312
41911930
41734500
42065612
41931937
42068205
42010879
41796789
42090307
41812814
38003702
34969316
